0.0 2
1.0 4
2.0 4
3.0 10
4.0 5
5.0 12
6.0 18
7.0 13
8.0 21
9.0 23
10.0 17
11.0 23
12.0 22
13.0 26
14.0 20
15.0 18
16.0 16
17.0 11
18.0 15
19.0 13
20.0 14
21.0 15
22.0 8
23.0 6
24.0 10
25.0 9
26.0 5
27.0 11
28.0 8
29.0 7
30.0 4
31.0 7
32.0 3
33.0 3
34.0 7
35.0 5
36.0 4
37.0 3
38.0 2
39.0 3
40.0 6
41.0 1
42.0 7
43.0 8
44.0 1
45.0 3
46.0 0
47.0 4
48.0 3
49.0 0
50.0 8
51.0 2
52.0 4
53.0 1
54.0 2
55.0 5
56.0 3
57.0 3
58.0 2
59.0 0
60.0 3
61.0 1
62.0 0
63.0 1
64.0 2
65.0 2
66.0 3
67.0 2
68.0 1
69.0 1
70.0 5
71.0 1
72.0 5
73.0 3
74.0 4
75.0 3
76.0 2
77.0 1
78.0 1
79.0 1
80.0 3
81.0 1
82.0 0
83.0 0
84.0 2
85.0 4
86.0 2
87.0 0
88.0 2
89.0 2
90.0 1
91.0 0
92.0 1
93.0 2
94.0 0
95.0 0
96.0 2
97.0 2
98.0 0
99.0 0
100.0 1
101.0 3
102.0 2
103.0 2
104.0 1
105.0 1
106.0 1
107.0 0
108.0 0
109.0 1
110.0 1
111.0 3
112.0 1
113.0 0
114.0 1
115.0 0
116.0 1
117.0 2
118.0 2
119.0 0
120.0 1
121.0 0
122.0 1
123.0 1
124.0 0
125.0 0
126.0 0
127.0 0
128.0 0
129.0 0
130.0 0
131.0 1
132.0 0
133.0 1
134.0 1
135.0 0
136.0 0
137.0 0
138.0 0
139.0 1
140.0 0
141.0 0
142.0 0
143.0 1
144.0 0
